ID,age,education,gender,hours-per-week
0,40,9,1,40
1,28,13,1,48
2,49,10,1,30
3,32,9,0,40
4,33,9,0,40
5,52,9,0,40
6,41,10,0,60
7,31,10,0,48
8,40,12,0,40
9,56,9,1,40
10,67,14,0,60
11,31,13,0,48
12,54,10,1,40
13,19,7,1,15
14,19,10,0,10
15,73,14,0,10
16,40,9,1,12
17,22,12,1,40
18,77,4,0,20
19,40,9,1,35
20,56,9,0,35
21,30,8,0,50
22,41,3,0,40
23,33,12,0,50
24,58,9,0,40
25,47,9,0,50
26,42,9,1,24
27,51,13,0,40
28,23,9,1,40
29,37,13,0,40
30,31,13,0,45
31,26,10,0,42
32,35,14,0,50
33,44,9,1,38
34,28,4,0,84
35,21,10,1,15
36,25,10,1,40
37,35,13,0,50
38,41,9,0,40
39,29,9,0,40
40,36,9,0,45
41,25,5,0,15
42,19,10,0,35
43,32,10,0,44
44,59,13,0,40
45,57,10,0,48
46,31,7,1,40
47,24,13,1,40
48,47,13,0,60
49,59,14,0,45
50,36,14,0,45
51,37,9,0,40
52,30,13,1,40
53,38,13,0,40
54,25,10,1,50
55,83,9,0,55
56,31,10,0,45
57,35,13,1,8
58,24,9,0,40
59,20,9,1,40
60,24,10,1,50
61,22,9,0,40
62,30,10,0,45
63,23,9,0,40
64,70,10,0,30
65,34,10,0,40
66,39,14,0,40
67,22,13,0,40
68,44,9,1,40
69,27,9,0,40
70,49,10,0,40
71,22,3,0,40
72,54,9,0,40
73,28,10,0,43
74,60,9,0,48
75,43,13,0,50
76,25,9,0,40
77,40,10,1,40
78,46,9,1,40
79,48,9,0,98
80,47,9,0,40
81,58,8,0,40
82,32,6,0,40
83,20,10,1,20
84,24,9,1,50
85,38,9,0,60
86,30,7,0,40
87,33,9,0,35
88,43,9,1,36
89,25,4,1,32
90,70,9,1,23
91,29,12,1,50
92,25,7,0,40
93,46,14,0,60
94,58,10,0,35
95,66,6,1,40
96,21,12,0,55
97,45,12,0,40
98,31,9,1,35
99,56,5,0,40
100,22,10,0,50
101,33,7,0,60
102,57,6,0,8
103,27,10,0,80
104,45,10,0,60
105,29,5,0,40
106,60,9,0,40
107,20,9,0,40
108,54,9,0,40
109,28,9,1,40
110,31,10,0,65
111,37,7,0,60
112,39,9,0,40
113,26,13,1,50
114,25,11,0,45
115,60,13,0,35
116,38,10,0,40
117,22,10,0,32
118,48,9,1,35
119,25,13,0,45
120,46,13,1,32
121,36,10,0,55
122,54,9,0,40
123,41,10,0,60
124,52,12,0,48
125,19,7,0,40
126,28,9,0,30
127,41,9,1,40
128,35,9,1,40
129,24,10,1,44
130,26,10,0,50
131,28,9,0,50
132,49,14,0,50
133,37,15,0,50
134,27,12,1,35
135,55,13,0,40
136,33,10,0,40
137,28,13,1,45
138,51,10,0,40
139,35,10,0,40
140,65,10,1,40
141,37,10,0,40
142,23,13,0,50
143,28,9,0,40
144,27,10,1,65
145,47,9,1,20
146,18,6,0,36
147,53,13,1,20
148,40,9,1,40
149,26,10,1,20
150,37,10,0,50
151,29,13,0,50
152,44,10,0,45
153,41,10,0,46
154,65,10,0,10
155,50,10,1,38
156,29,10,1,40
157,20,4,1,60
158,33,6,0,40
159,41,9,0,40
160,21,11,1,40
161,24,13,1,40
162,22,9,1,40
163,21,10,1,30
164,35,13,1,40
165,36,9,0,40
166,49,4,0,40
167,31,15,0,50
168,50,9,0,40
169,35,9,1,35
170,41,9,0,40
171,53,11,0,40
172,53,3,0,40
173,26,13,1,40
174,50,7,1,40
175,63,4,0,30
176,30,10,1,16
177,33,14,0,40
178,21,9,1,30
179,43,9,1,40
180,50,13,0,55
181,23,13,1,60
182,28,9,0,40
183,18,6,1,30
184,20,9,0,40
185,32,9,0,40
186,38,9,0,70
187,27,13,0,40
188,25,12,0,40
189,49,10,0,50
190,21,10,0,30
191,22,10,0,24
192,19,9,1,40
193,51,9,0,40
194,52,9,0,40
195,29,9,0,35
196,19,10,1,30
197,33,3,0,40
198,75,13,0,24
199,22,11,1,40
200,19,10,0,24
201,60,9,1,40
202,53,10,1,40
203,33,10,0,50
204,46,13,0,45
205,45,13,0,40
206,29,10,0,45
207,29,10,1,26
208,40,10,0,40
209,42,13,1,35
210,43,13,0,40
211,29,13,1,40
212,27,9,0,40
213,56,13,1,40
214,20,5,1,20
215,26,10,1,40
216,31,11,0,50
217,49,11,0,60
218,58,9,0,36
219,76,6,1,12
220,30,13,0,52
221,25,10,0,25
222,30,10,1,40
223,32,13,0,55
224,26,14,1,40
225,22,5,1,40
226,37,5,1,16
227,42,14,0,40
228,57,9,1,40
229,32,9,1,50
230,58,4,0,24
231,39,15,0,65
232,60,7,0,20
233,44,10,0,40
234,21,10,0,20
235,26,13,0,15
236,37,13,0,45
237,56,9,0,40
238,23,9,0,40
239,50,15,0,60
240,55,9,0,50
241,34,14,0,55
242,36,9,1,40
243,32,13,0,40
244,69,9,0,40
245,41,14,1,40
246,20,9,1,10
247,22,10,0,40
248,21,4,0,48
249,44,10,1,40
250,18,7,0,20
251,27,13,1,40
252,39,9,0,40
253,36,9,0,33
254,23,9,0,40
255,24,13,0,45
256,43,10,1,50
257,56,9,0,40
258,46,7,1,27
259,40,12,1,32
260,42,13,0,70
261,74,9,0,30
262,46,3,1,45
263,33,9,1,52
264,47,10,0,40
265,52,5,1,30
266,51,14,1,50
267,36,16,0,45
268,38,13,0,40
269,42,9,1,40
270,25,8,0,40
271,19,10,0,35
272,32,9,0,35
273,22,9,1,40
274,41,7,1,25
275,39,9,0,40
276,22,13,0,40
277,57,9,1,40
278,50,9,1,48
279,45,15,0,40
280,31,13,0,40
281,38,13,1,40
282,27,9,0,40
283,28,10,0,40
284,39,14,0,40
285,24,13,0,40
286,37,9,0,40
287,53,9,0,50
288,63,14,1,40
289,35,4,0,40
290,53,6,0,40
291,41,14,0,70
292,45,13,0,38
293,47,13,0,40
294,46,14,1,50
295,26,8,0,48
296,17,7,0,12
297,25,13,0,40
298,44,13,0,30
299,76,10,0,20
300,41,9,0,40
301,18,6,0,11
302,47,9,0,60
303,49,10,0,50
304,24,10,1,40
305,44,10,0,40
306,34,9,0,40
307,49,4,0,40
308,23,11,0,40
309,19,9,1,14
310,49,10,1,40
311,44,9,0,60
312,27,4,0,35
313,54,9,0,50
314,55,10,1,40
315,22,9,1,60
316,44,13,1,60
317,31,11,0,40
318,84,13,0,20
319,19,9,1,40
320,22,8,0,40
321,73,9,0,40
322,59,5,1,40
323,40,11,1,50
324,47,13,0,45
325,46,9,0,40
326,52,10,0,40
327,20,9,1,30
328,33,13,0,42
329,29,13,0,30
330,39,15,0,50
331,63,9,1,20
332,60,5,0,40
333,21,10,0,12
334,18,7,0,30
335,20,10,1,20
336,58,10,0,40
337,27,9,0,40
338,41,8,1,10
339,44,9,0,45
340,24,14,1,10
341,35,11,0,50
342,33,14,0,30
343,38,13,1,40
344,51,16,0,40
345,44,14,0,40
346,46,10,0,58
347,53,9,0,40
348,20,9,0,40
349,37,9,1,56
350,52,9,0,50
351,39,13,0,40
352,41,10,0,40
353,39,13,0,50
354,52,10,0,40
355,36,13,1,40
356,49,10,0,40
357,63,6,0,45
358,33,10,0,40
359,49,14,1,40
360,54,13,0,38
361,22,7,1,40
362,40,13,1,48
363,43,15,0,50
364,34,10,0,40
365,34,9,0,40
366,27,13,0,45
367,29,9,0,40
368,28,12,0,40
369,67,10,0,70
370,47,15,0,40
371,51,16,0,40
372,48,13,0,45
373,48,15,0,60
374,23,9,0,60
375,23,10,0,40
376,26,9,1,40
377,20,10,1,30
378,40,9,1,40
379,23,13,0,40
380,29,6,1,40
381,34,13,1,40
382,45,14,1,15
383,23,8,1,30
384,52,10,0,45
385,32,5,0,40
386,29,6,0,40
387,31,10,1,35
388,43,9,0,40
389,26,12,0,45
390,20,10,0,25
391,21,10,0,15
392,35,11,1,44
393,17,5,0,40
394,18,7,0,15
395,31,7,0,40
396,25,13,0,40
397,29,9,1,40
398,18,8,1,25
399,18,8,1,20
400,59,6,0,40
401,50,9,0,50
402,22,11,0,30
403,41,9,0,40
404,18,6,0,30
405,24,9,1,30
406,46,5,1,40
407,66,10,0,20
408,50,14,0,60
409,34,5,0,50
410,35,13,0,40
411,20,9,0,35
412,41,10,0,40
413,44,14,0,60
414,32,13,0,40
415,41,11,0,40
416,24,7,0,40
417,40,12,1,50
418,25,13,0,70
419,33,11,1,40
420,20,6,0,50
421,21,10,1,20
422,26,10,0,40
423,29,3,0,40
424,41,9,1,40
425,55,9,1,30
426,55,5,1,23
427,33,14,0,40
428,19,10,1,30
429,44,9,1,30
430,17,7,1,16
431,44,14,0,45
432,46,9,0,44
433,22,9,0,40
434,47,9,0,45
435,61,10,0,60
436,24,10,0,40
437,50,9,0,40
438,65,10,0,40
439,28,13,0,40
440,45,11,0,40
441,29,9,0,40
442,40,9,1,45
443,37,10,0,55
444,30,13,0,40
445,81,10,0,15
446,38,13,0,40
447,40,14,0,40
448,26,10,1,20
449,42,14,0,60
450,20,10,0,40
451,29,13,0,45
452,33,9,0,40
453,61,10,0,40
454,45,9,0,40
455,59,10,0,40
456,24,9,1,35
457,47,14,0,60
458,35,9,0,40
459,21,10,1,20
460,21,11,0,40
461,24,13,0,40
462,22,13,1,35
463,41,9,0,48
464,25,10,0,35
465,46,12,0,40
466,51,14,0,40
467,18,7,0,35
468,45,9,1,50
469,33,10,0,39
470,38,11,1,36
471,50,14,0,40
472,37,13,0,40
473,28,10,0,40
474,66,10,0,40
475,53,16,0,50
476,31,16,0,55
477,45,13,0,40
478,36,9,0,60
479,30,11,0,40
480,45,9,0,40
481,43,4,0,40
482,29,14,0,50
483,39,5,0,40
484,17,6,0,30
485,41,9,0,40
486,41,9,0,40
487,51,11,0,50
488,37,9,0,40
489,44,11,0,40
490,26,9,1,40
491,38,9,1,40
492,45,13,0,52
493,33,5,0,70
494,35,9,0,40
495,77,10,0,40
496,60,10,0,24
497,58,13,0,58
498,35,11,1,40
499,35,13,1,40
500,46,12,0,40
501,57,6,1,40
502,23,12,0,40
503,42,9,0,60
504,38,12,1,40
505,19,10,1,40
506,33,9,0,35
507,40,13,1,40
508,21,9,0,40
509,33,9,0,60
510,35,4,1,40
511,27,14,0,40
512,35,9,0,40
513,30,1,0,40
514,21,9,0,40
515,33,13,1,40
516,23,10,0,40
517,23,11,1,40
518,25,13,1,40
519,17,7,1,20
520,34,7,0,40
521,53,16,0,40
522,26,13,1,35
523,36,9,0,50
524,24,9,0,60
525,34,10,1,50
526,38,9,1,40
527,38,7,0,40
528,41,14,0,40
529,34,9,1,20
530,35,13,1,40
531,59,14,0,60
532,67,6,0,20
533,47,13,0,60
534,26,13,0,50
535,58,9,0,55
536,20,10,1,20
537,21,10,1,40
538,32,9,1,40
539,28,6,1,40
540,32,10,0,40
541,24,9,0,50
542,38,13,0,50
543,18,8,0,12
544,31,9,0,40
545,24,9,0,40
546,65,10,0,40
547,26,10,1,35
548,22,9,1,40
549,56,9,0,45
550,47,10,1,40
551,21,10,1,40
552,46,7,1,40
553,21,9,1,35
554,46,9,0,36
555,51,9,0,60
556,33,13,0,40
557,35,14,1,50
558,33,10,1,40
559,36,12,0,35
560,31,12,0,20
561,54,10,0,45
562,53,5,0,40
563,40,12,1,40
564,42,13,0,40
565,46,9,1,40
566,34,14,0,38
567,57,10,0,45
568,20,9,1,40
569,25,4,0,40
570,41,9,0,50
571,66,9,1,20
572,31,9,0,40
573,31,12,1,40
574,55,11,1,35
575,55,9,0,40
576,67,5,1,40
577,42,11,0,50
578,33,5,0,35
579,51,9,0,40
580,69,9,1,40
581,25,9,0,40
582,36,14,1,40
583,30,9,0,60
584,58,9,0,40
585,48,9,0,50
586,62,10,1,40
587,28,12,0,40
588,40,14,0,40
589,21,10,1,20
590,18,10,0,30
591,27,10,1,48
592,30,7,0,40
593,19,9,1,40
594,36,13,0,44
595,22,13,1,60
596,53,6,1,40
597,54,9,0,40
598,55,10,1,38
599,42,10,1,40
600,18,7,0,12
601,63,9,0,45
602,30,10,0,50
603,57,10,0,38
604,62,9,0,60
605,28,9,1,40
606,21,6,1,39
607,19,9,0,30
608,43,13,1,80
609,48,10,0,40
610,30,12,1,40
611,41,10,0,40
612,44,7,0,88
613,40,9,0,40
614,42,9,0,12
615,25,11,0,75
616,35,10,0,40
617,34,10,1,20
618,32,9,0,40
619,36,11,0,50
620,40,9,0,40
621,44,11,0,40
622,24,10,0,60
623,18,7,1,10
624,19,10,1,30
625,46,13,0,35
626,31,11,0,45
627,36,3,0,40
628,26,10,1,40
629,23,10,0,40
630,42,9,1,40
631,27,9,0,40
632,22,10,0,50
633,43,15,0,40
634,36,13,0,40
635,22,4,0,40
636,40,10,0,32
637,29,9,1,40
638,31,9,1,55
639,73,8,0,18
640,56,9,1,40
641,48,9,0,40
642,30,13,0,45
643,22,10,0,30
644,34,10,0,40
645,37,6,0,35
646,24,8,0,40
647,44,13,0,60
648,69,4,0,55
649,38,9,0,40
650,67,9,1,2
651,35,13,0,40
652,38,10,0,40
653,43,10,0,40
654,53,10,1,40
655,19,9,0,20
656,20,10,0,16
657,33,9,0,40
658,37,9,0,40
659,30,9,1,40
660,50,10,0,60
661,30,10,0,40
662,57,13,0,35
663,40,12,1,40
664,46,7,0,40
665,50,9,0,50
666,45,9,0,50
667,20,10,0,30
668,37,9,0,40
669,24,13,0,35
670,37,14,0,40
671,34,13,0,55
672,39,15,0,45
673,52,9,0,40
674,22,12,1,25
675,24,10,1,45
676,57,14,0,60
677,20,9,1,24
678,28,13,1,40
679,46,8,0,35
680,37,3,0,40
681,43,9,1,24
682,19,10,1,40
683,24,5,1,20
684,31,9,0,40
685,75,13,0,48
686,48,10,0,40
687,31,8,0,50
688,39,13,0,60
689,37,13,0,50
690,34,10,1,34
691,28,8,1,30
692,53,12,0,40
693,36,9,0,40
694,40,10,0,50
695,57,6,1,70
696,48,9,1,40
697,31,13,0,97
698,36,13,1,40
699,55,9,1,40
700,31,13,1,35
701,58,9,0,50
702,34,9,0,40
703,38,13,0,50
704,46,11,0,60
705,42,10,0,40
706,30,12,1,40
707,18,8,0,40
708,23,11,1,36
709,59,6,1,50
710,46,13,0,40
711,36,14,1,40
712,26,10,0,40
713,25,10,1,15
714,27,9,1,40
715,26,10,1,24
716,31,10,1,20
717,20,10,1,25
718,33,13,1,50
719,44,9,1,40
720,27,9,1,40
721,46,9,0,35
722,23,10,0,40
723,29,9,0,40
724,76,14,0,30
725,19,3,0,50
726,35,13,0,50
727,63,13,0,32
728,33,6,0,40
729,17,7,1,8
730,29,9,1,40
731,60,9,0,5
732,45,14,0,55
733,24,10,1,45
734,60,9,1,33
735,29,10,1,40
736,55,9,1,20
737,17,5,0,40
738,35,10,1,40
739,39,9,0,40
740,42,9,0,40
741,24,13,1,8
742,43,10,0,50
743,32,9,1,2
744,28,13,0,40
745,18,10,1,40
746,42,9,1,40
747,22,10,1,40
748,19,9,1,40
749,59,10,0,40
750,32,9,0,50
751,68,7,0,70
752,60,4,0,40
753,38,9,0,48
754,27,11,0,35
755,47,9,1,40
756,41,9,0,40
757,50,10,1,28
758,44,10,0,40
759,25,9,1,30
760,45,13,1,42
761,77,5,0,40
762,45,10,1,40
763,55,9,0,55
764,23,9,0,40
765,45,13,0,50
766,33,12,1,40
767,18,7,1,8
768,42,12,0,40
769,60,14,0,40
770,33,13,0,55
771,23,10,0,40
772,42,10,0,40
773,38,15,0,60
774,27,12,1,78
775,30,9,0,40
776,47,6,0,40
777,55,14,0,50
778,38,10,0,58
779,37,9,1,25
780,37,11,0,40
781,24,9,1,49
782,35,10,0,35
783,37,13,0,45
784,40,13,0,60
785,35,13,0,40
786,49,13,0,40
787,27,10,1,40
788,48,14,0,40
789,43,10,0,60
790,24,9,0,40
791,35,9,0,40
792,51,9,0,40
793,32,15,0,40
794,26,10,0,40
795,37,9,1,40
796,59,9,0,52
797,26,9,0,40
798,45,13,0,30
799,51,4,0,50
800,23,8,0,40
801,46,9,0,40
802,28,9,0,45
803,48,6,1,38
804,47,10,1,35
805,48,6,0,70
806,67,10,0,44
807,49,13,0,40
808,27,9,0,40
809,45,4,1,35
810,27,9,0,40
811,57,6,0,60
812,42,9,1,40
813,29,13,0,40
814,49,13,0,45
815,41,4,0,40
816,44,12,0,40
817,39,7,0,40
818,20,10,1,40
819,42,9,1,45
820,25,13,0,40
821,21,10,0,40
822,48,7,1,35
823,30,13,1,40
824,30,5,1,40
825,56,9,0,40
826,30,9,0,38
827,26,9,1,40
828,25,2,1,40
829,49,10,1,60
830,44,14,0,35
831,73,6,1,40
832,38,9,0,50
833,39,10,0,43
834,49,4,0,32
835,22,10,0,40
836,31,11,0,40
837,42,9,0,40
838,34,9,0,40
839,35,14,0,40
840,49,9,1,35
841,22,13,1,43
842,32,11,0,40
843,30,12,0,60
844,28,9,0,40
845,26,11,1,35
846,79,7,0,7
847,23,10,0,45
848,57,13,0,80
849,54,10,0,40
850,23,10,0,10
851,36,12,0,60
852,51,9,0,40
853,45,14,1,40
854,39,9,1,40
855,39,9,0,40
856,40,13,1,20
857,32,3,0,40
858,30,9,1,40
859,32,10,1,40
860,47,4,0,40
861,18,7,0,40
862,25,13,0,60
863,29,9,0,40
864,52,9,0,40
865,61,5,1,40
866,49,9,0,48
867,47,9,1,45
868,25,10,0,40
869,61,10,1,40
870,19,9,0,30
871,21,9,1,40
872,57,14,0,40
873,48,9,0,70
874,54,11,0,50
875,52,6,0,30
876,53,9,1,40
877,27,10,0,50
878,41,9,1,30
879,18,9,1,15
880,63,10,1,35
881,48,12,0,40
882,43,10,1,40
883,51,10,1,40
884,26,10,1,40
885,61,9,0,48
886,26,13,0,48
887,30,9,0,40
888,37,13,0,77
889,51,13,0,20
890,32,10,0,40
891,38,9,0,35
892,42,10,0,25
893,36,9,0,60
894,90,14,0,60
895,73,7,0,3
896,31,9,0,40
897,23,4,0,25
898,34,10,0,60
899,38,13,0,40
900,49,14,0,40
901,25,12,0,40
902,18,9,0,20
903,18,9,0,40
904,43,9,0,40
905,60,4,1,35
906,37,10,0,40
907,20,10,1,20
908,50,10,0,40
909,43,10,0,40
910,45,10,0,50
911,32,11,0,55
912,25,9,0,40
913,66,9,1,25
914,51,9,0,40
915,32,9,1,32
916,30,9,0,44
917,52,9,0,60
918,28,10,0,40
919,90,7,0,40
920,39,10,1,30
921,54,7,1,10
922,32,9,1,13
923,52,9,0,20
924,43,10,1,10
925,33,10,0,52
926,53,13,0,45
927,18,6,0,6
928,45,10,0,45
929,34,10,0,50
930,51,9,0,60
931,28,10,1,40
932,35,9,1,40
933,55,11,1,40
934,49,10,0,40
935,31,10,0,40
936,20,10,1,10
937,34,13,0,65
938,51,9,0,40
939,18,10,0,40
940,46,9,1,40
941,20,6,0,40
942,30,9,0,41
943,24,13,0,30
944,51,10,1,45
945,36,9,1,36
946,23,4,0,35
947,67,9,1,15
948,37,9,0,42
949,61,4,1,40
950,44,10,0,50
951,43,10,1,40
952,44,11,0,40
953,42,10,1,40
954,60,6,0,40
955,26,10,0,60
956,42,10,1,25
957,18,7,0,20
958,25,14,1,40
959,24,11,1,40
960,33,14,1,40
961,20,10,0,35
962,31,13,1,40
963,46,9,1,40
964,20,10,0,40
965,28,10,1,40
966,24,13,0,48
967,38,9,1,40
968,50,9,1,35
969,18,10,0,30
970,31,10,0,45
971,47,9,0,45
972,23,10,0,40
973,47,15,0,50
974,19,10,0,25
975,43,14,0,40
976,22,9,0,40
977,25,9,0,40
978,22,10,0,40
979,39,13,0,40
980,27,6,0,48
981,25,5,0,40
982,44,14,0,42
983,28,13,0,45
984,32,9,1,35
985,62,13,1,40
986,47,9,0,40
987,40,10,1,55
988,32,9,1,40
989,17,7,1,25
990,49,11,0,45
991,28,9,0,40
992,60,13,0,8
993,32,9,0,60
994,41,10,0,33
995,27,10,0,40
996,25,10,1,8
997,41,13,1,40
998,45,11,1,40
999,34,9,1,32
1000,59,5,0,40
1001,31,10,0,50
1002,38,6,0,90
1003,45,10,1,45
1004,31,11,1,40
1005,29,9,0,40
1006,19,7,0,40
1007,36,9,0,60
1008,31,10,1,70
1009,17,7,0,16
1010,34,9,0,50
1011,58,9,1,40
1012,42,9,1,40
1013,49,3,0,40
1014,65,10,0,35
1015,24,9,1,40
1016,28,14,0,45
1017,63,9,0,48
1018,46,13,0,50
1019,35,9,1,12
1020,26,13,1,40
1021,54,10,0,54
1022,51,10,1,40
1023,39,13,0,40
1024,39,9,0,40
1025,45,10,1,40
1026,43,10,0,60
1027,40,6,0,50
1028,19,10,1,10
1029,29,9,1,40
1030,38,9,0,44
1031,29,10,0,45
1032,47,9,0,60
1033,34,9,0,40
1034,35,6,1,16
1035,47,9,0,32
1036,22,13,1,10
1037,39,10,0,90
1038,19,4,0,25
1039,24,13,0,45
1040,45,10,0,42
1041,39,7,0,37
1042,39,16,0,45
1043,19,10,0,55
1044,41,9,1,38
1045,46,14,0,50
1046,48,13,0,45
1047,34,13,0,55
1048,30,9,0,30
1049,33,10,0,36
1050,29,10,0,50
1051,42,9,0,48
1052,52,13,0,40
1053,26,4,0,48
1054,17,7,1,15
1055,59,9,0,48
1056,50,9,1,40
1057,32,13,0,45
1058,70,13,0,6
1059,59,2,0,40
1060,25,10,1,50
1061,36,12,1,42
1062,80,4,1,24
1063,18,9,0,20
1064,45,10,0,65
1065,24,5,0,12
1066,37,10,0,45
1067,52,9,1,40
1068,40,13,0,45
1069,27,10,0,20
1070,22,10,1,25
1071,23,10,0,25
1072,63,13,0,30
1073,24,13,0,45
1074,42,9,0,48
1075,30,9,1,20
1076,47,13,0,60
1077,46,10,0,40
1078,30,9,1,40
1079,29,10,1,24
1080,42,10,0,40
1081,42,14,0,65
1082,31,6,1,40
1083,32,13,0,40
1084,40,9,1,20
1085,49,14,1,50
1086,58,9,0,40
1087,81,9,1,35
1088,58,9,0,40
1089,56,7,1,40
1090,41,9,1,40
1091,30,9,0,40
1092,26,10,0,40
1093,37,9,0,40
1094,44,9,0,40
1095,24,13,0,60
1096,23,13,1,40
1097,35,9,1,75
1098,40,9,1,37
1099,21,9,1,40
1100,47,9,0,40
1101,40,6,1,32
1102,37,12,1,40
1103,35,9,1,35
1104,58,2,0,38
1105,37,16,1,35
1106,36,13,1,60
1107,26,9,0,60
1108,52,15,0,60
1109,18,10,0,16
1110,52,1,0,40
1111,61,4,0,50
1112,60,9,0,40
1113,32,7,0,45
1114,24,9,1,40
1115,36,9,1,40
1116,43,13,0,40
1117,35,13,1,42
1118,55,13,0,50
1119,33,9,0,40
1120,31,13,1,35
1121,26,13,0,45
1122,37,9,1,60
1123,33,11,0,60
1124,35,9,1,38
1125,34,11,1,40
1126,70,15,0,25
1127,23,9,0,40
1128,35,9,0,40
1129,76,6,0,1
1130,52,10,1,40
1131,36,9,0,40
1132,22,9,0,40
1133,43,13,0,40
1134,27,9,1,40
1135,40,8,0,40
1136,25,13,1,20
1137,34,9,0,40
1138,40,14,0,43
1139,29,13,0,40
1140,28,10,0,50
1141,57,14,0,40
1142,22,9,0,16
1143,23,9,0,40
1144,43,13,0,40
1145,33,9,0,40
1146,39,13,0,40
1147,34,11,0,45
1148,21,9,0,22
1149,49,10,0,60
1150,42,14,0,50
1151,60,9,0,40
1152,42,10,0,40
1153,43,10,1,38
1154,41,14,0,38
1155,36,13,1,45
1156,47,7,0,58
1157,48,14,1,50
1158,45,13,0,50
1159,19,10,1,40
1160,26,10,0,44
1161,34,10,0,40
1162,47,15,0,50
1163,44,14,0,40
1164,22,13,1,10
1165,25,12,1,40
1166,38,12,1,16
1167,27,6,0,60
1168,26,10,0,20
1169,25,10,1,30
1170,65,9,0,40
1171,25,11,0,40
1172,61,13,1,30
1173,36,16,0,40
1174,53,9,0,40
1175,26,10,0,42
1176,26,6,1,40
1177,43,9,0,40
1178,39,9,0,40
1179,53,10,0,50
1180,33,9,1,50
1181,35,10,0,80
1182,25,13,0,50
1183,47,9,0,55
1184,18,10,1,30
1185,72,2,0,40
1186,30,14,0,40
1187,38,15,0,45
1188,17,6,0,10
1189,30,13,1,40
1190,48,14,0,40
1191,40,10,1,44
1192,34,9,0,54
1193,54,9,0,50
1194,57,14,0,60
1195,19,9,0,20
1196,19,6,1,40
1197,32,15,0,40
1198,23,10,0,20
1199,32,10,1,50
1200,41,9,0,4
1201,41,9,0,55
1202,18,5,0,15
1203,29,9,0,40
1204,20,10,0,25
1205,36,9,0,40
1206,50,9,0,40
1207,27,9,0,40
1208,60,9,0,45
1209,43,15,0,30
1210,29,13,0,40
1211,51,11,0,40
1212,35,7,1,60
1213,25,10,0,40
1214,43,14,0,40
1215,49,3,0,40
1216,30,4,0,45
1217,53,14,0,60
1218,19,9,0,40
1219,34,9,0,50
1220,34,14,0,50
1221,39,10,1,45
1222,61,9,1,36
1223,27,9,1,25
1224,61,10,0,40
1225,36,9,0,55
1226,27,13,0,50
1227,40,4,0,42
1228,45,9,0,40
1229,29,13,0,40
1230,53,13,0,40
1231,62,3,0,24
1232,52,9,0,55
1233,23,9,0,40
1234,32,13,0,40
1235,45,14,0,55
1236,38,9,0,56
1237,74,3,0,56
1238,22,6,0,40
1239,45,16,0,50
1240,90,5,1,40
1241,39,9,1,40
1242,55,9,1,30
1243,47,10,1,40
1244,57,10,0,40
1245,28,9,1,40
1246,33,10,0,55
1247,32,9,0,50
1248,37,13,1,40
1249,61,9,1,40
1250,37,9,1,30
1251,20,10,0,15
1252,51,13,0,35
1253,38,14,0,45
1254,28,9,0,45
1255,39,9,1,40
1256,49,9,1,30
1257,42,13,0,90
1258,42,12,1,40
1259,34,11,1,40
1260,25,9,1,40
1261,36,9,1,40
1262,18,9,0,20
1263,31,10,0,40
1264,24,10,0,40
1265,64,14,0,60
1266,24,13,0,40
1267,43,9,0,40
1268,33,9,0,50
1269,36,10,1,40
1270,43,9,1,21
1271,54,10,1,48
1272,55,4,0,50
1273,53,6,0,40
1274,46,9,1,24
1275,24,9,0,30
1276,60,9,0,42
1277,34,9,1,45
1278,43,9,0,40
1279,63,9,0,40
1280,45,14,1,42
1281,54,13,0,40
1282,24,12,0,40
1283,31,13,1,20
1284,18,9,1,20
1285,79,9,1,24
1286,34,5,0,40
1287,44,9,0,40
1288,37,9,0,40
1289,57,15,0,60
1290,49,4,0,38
1291,41,10,1,15
1292,29,11,1,64
1293,25,10,1,20
1294,49,4,0,45
1295,22,13,0,8
1296,33,6,1,35
1297,45,9,0,42
1298,26,10,0,45
1299,60,6,0,40
1300,36,10,1,50
1301,19,9,0,40
1302,40,9,0,40
1303,35,11,1,40
1304,29,11,1,40
1305,27,13,1,40
1306,67,14,0,48
1307,23,10,0,50
1308,31,10,0,40
1309,43,6,0,40
1310,20,9,0,20
1311,19,9,1,25
1312,36,14,0,45
1313,69,10,1,24
1314,24,9,0,40
1315,44,10,0,50
1316,69,10,1,38
1317,44,10,1,40
1318,43,13,0,40
1319,45,13,0,40
1320,21,12,1,46
1321,21,10,1,35
1322,42,15,0,72
1323,48,10,0,53
1324,39,9,0,40
1325,34,10,1,40
1326,40,10,1,40
1327,24,9,0,40
1328,54,10,1,40
1329,26,10,1,40
1330,64,10,0,40
1331,33,9,0,40
1332,40,15,0,55
1333,45,10,0,40
1334,21,10,0,24
1335,73,9,1,8
1336,32,9,0,80
1337,59,13,0,38
1338,38,3,0,40
1339,23,9,0,40
1340,28,13,0,50
1341,43,9,0,40
1342,39,9,0,56
1343,59,9,1,40
1344,56,14,0,60
1345,43,7,0,60
1346,55,9,0,45
1347,29,16,0,60
1348,37,10,0,50
1349,22,10,1,10
1350,24,9,0,50
1351,45,13,1,46
1352,39,13,0,55
1353,34,9,0,50
1354,27,10,1,40
1355,25,9,0,26
1356,24,9,0,50
1357,18,10,1,6
1358,67,14,1,40
1359,55,9,0,60
1360,46,9,0,40
1361,41,8,0,40
1362,44,10,0,50
1363,51,9,1,38
1364,19,8,0,16
1365,57,9,1,40
1366,45,13,1,40
1367,23,10,0,32
1368,52,10,0,55
1369,24,13,0,40
1370,21,11,1,40
1371,51,10,0,60
1372,28,9,0,40
1373,37,14,0,50
1374,35,9,0,40
1375,25,10,0,40
1376,24,10,0,40
1377,41,13,0,20
1378,37,9,0,40
1379,22,10,1,40
1380,28,14,0,50
1381,58,9,0,40
1382,56,11,0,45
1383,44,7,1,60
1384,32,9,0,40
1385,33,9,0,32
1386,45,9,1,15
1387,43,10,0,40
1388,37,9,0,40
1389,33,13,0,75
1390,22,10,0,20
1391,33,7,1,20
1392,31,10,0,40
1393,37,13,1,32
1394,18,7,0,12
1395,44,13,0,50
1396,59,10,0,40
1397,44,14,0,40
1398,47,13,0,40
1399,32,10,1,40
1400,33,13,0,40
1401,28,10,0,40
1402,70,9,1,32
1403,42,9,0,40
1404,26,10,0,43
1405,36,9,0,40
1406,25,9,0,40
1407,21,10,1,10
1408,29,9,0,45
1409,31,9,1,40
1410,58,9,1,27
1411,49,10,1,55
1412,27,11,1,40
1413,41,13,0,60
1414,23,9,0,40
1415,30,9,1,40
1416,48,10,1,40
1417,23,10,0,37
1418,49,12,0,60
1419,40,9,0,40
1420,42,10,0,40
1421,37,10,0,42
1422,35,9,0,50
1423,49,9,0,80
1424,41,10,0,40
1425,33,12,0,40
1426,50,9,1,38
1427,35,14,0,40
1428,49,9,0,52
1429,25,10,0,24
1430,40,13,0,50
1431,37,10,1,45
1432,21,9,0,40
1433,22,11,0,40
1434,30,10,0,40
1435,26,9,0,40
1436,20,10,0,35
1437,24,10,1,42
1438,33,9,0,40
1439,33,11,0,40
1440,61,10,0,40
1441,43,10,1,40
1442,21,1,0,50
1443,18,7,1,8
1444,43,12,1,30
1445,28,13,0,45
1446,55,14,0,55
1447,22,9,1,40
1448,38,13,0,50
1449,46,2,1,30
1450,25,13,0,50
1451,64,13,0,40
1452,40,11,1,40
1453,35,8,1,50
1454,26,10,0,45
1455,33,9,0,40
1456,65,9,1,25
1457,54,11,1,10
1458,49,10,0,40
1459,33,13,0,40
1460,66,11,1,35
1461,21,9,0,40
1462,44,9,0,45
1463,38,4,1,50
1464,41,13,0,40
1465,47,10,0,20
1466,20,10,0,8
1467,36,9,0,60
1468,48,13,0,45
1469,53,9,0,85
1470,29,9,0,48
1471,40,10,1,25
1472,27,9,0,40
1473,34,9,0,44
1474,52,14,0,70
1475,39,12,0,60
1476,30,9,0,66
1477,18,7,0,20
1478,26,10,1,40
1479,62,10,1,50
1480,41,13,1,25
1481,40,10,0,43
1482,30,10,0,35
1483,47,13,1,50
1484,46,13,0,40
1485,28,10,0,50
1486,54,9,0,60
1487,44,9,0,60
1488,46,10,0,40
1489,29,9,0,40
1490,33,9,0,40
1491,23,9,1,40
1492,62,9,0,24
1493,20,9,0,30
1494,20,10,1,18
1495,20,10,1,30
1496,58,6,0,40
1497,31,9,0,40
1498,43,9,0,68
1499,35,9,0,40
1500,50,10,0,50
1501,43,13,0,40
1502,34,11,0,50
1503,42,9,1,40
1504,42,16,0,60
1505,39,13,1,40
1506,34,9,0,40
1507,55,9,0,30
1508,21,10,0,45
1509,38,13,0,42
1510,22,10,0,20
1511,32,9,1,40
1512,37,12,1,25
1513,28,7,1,40
1514,63,9,1,40
1515,52,13,0,55
1516,51,7,0,40
1517,23,10,0,25
1518,64,9,0,60
1519,34,14,0,50
1520,18,9,0,60
1521,26,13,1,50
1522,30,9,0,40
1523,35,10,0,40
1524,22,10,0,10
1525,37,13,1,36
1526,49,7,0,75
1527,41,9,0,40
1528,25,9,0,40
1529,30,12,0,50
1530,32,9,0,40
1531,33,10,0,20
1532,35,10,0,50
1533,35,9,1,32
1534,30,13,1,40
1535,24,9,1,40
1536,21,10,1,40
1537,38,13,1,40
1538,47,10,0,40
1539,33,12,0,40
1540,42,7,0,50
1541,18,7,0,30
1542,70,9,0,37
1543,50,10,0,40
1544,24,13,1,35
1545,50,10,0,40
1546,37,6,0,50
1547,41,9,0,40
1548,41,13,1,25
1549,27,11,0,60
1550,24,10,0,72
1551,44,14,0,50
1552,57,4,0,40
1553,35,14,0,40
1554,26,12,1,40
1555,37,9,0,24
1556,27,9,0,40
1557,57,9,0,60
1558,19,10,1,38
1559,50,10,1,40
1560,31,9,0,43
1561,40,16,0,40
1562,44,14,1,60
1563,26,6,0,40
1564,17,7,1,40
1565,54,7,0,40
1566,51,7,1,40
1567,37,10,0,40
1568,40,10,0,40
1569,28,9,1,40
1570,21,12,1,20
1571,34,13,0,45
1572,29,14,1,40
1573,56,9,0,10
1574,66,9,1,40
1575,23,9,0,40
1576,50,9,0,40
1577,36,9,0,40
1578,47,9,0,50
1579,35,10,0,60
1580,31,10,0,80
1581,60,5,0,37
1582,47,9,0,50
1583,41,10,0,40
1584,34,12,1,60
1585,26,10,0,40
1586,60,14,0,40
1587,23,9,0,25
1588,32,9,1,28
1589,38,9,0,40
1590,30,5,1,30
1591,59,9,0,40
1592,37,12,0,38
1593,40,9,0,25
1594,41,11,1,44
1595,38,10,0,40
1596,30,13,1,40
1597,51,9,1,38
1598,36,9,1,40
1599,17,6,0,20
1600,42,13,1,50
1601,52,14,1,40
1602,39,13,1,63
1603,35,9,1,30
1604,29,14,0,40
1605,43,9,0,40
1606,21,10,0,20
1607,37,9,0,40
1608,38,9,1,40
1609,54,13,1,60
1610,24,10,0,40
1611,20,10,0,20
1612,64,10,0,20
1613,26,14,1,40
1614,20,10,0,20
1615,55,9,1,38
1616,52,15,0,60
1617,29,9,0,40
1618,33,9,1,40
1619,22,6,1,40
1620,57,7,0,15
1621,33,14,0,45
1622,31,9,1,40
1623,18,7,0,8
1624,24,10,1,40
1625,33,9,0,30
1626,31,10,1,20
1627,29,9,0,40
1628,35,9,0,40
1629,37,9,0,45
1630,24,13,1,40
1631,33,12,0,56
1632,27,10,0,49
1633,59,9,0,40
1634,30,10,0,40
1635,28,13,1,40
1636,43,9,1,40
1637,40,10,1,40
1638,37,13,0,40
1639,45,13,1,50
1640,33,12,0,20
1641,20,10,1,15
1642,44,14,0,35
1643,53,4,0,40
1644,59,16,0,40
1645,20,10,1,16
1646,56,10,1,50
1647,29,10,0,45
1648,20,10,1,20
1649,26,15,1,30
1650,47,12,0,40
1651,32,9,0,40
1652,32,10,1,55
1653,54,9,0,41
1654,63,9,0,20
1655,32,12,0,30
1656,20,10,0,40
1657,42,9,1,40
1658,45,9,0,40
1659,44,10,0,60
1660,39,13,0,50
1661,33,9,0,40
1662,44,4,0,40
1663,48,10,0,40
1664,29,9,0,45
1665,30,15,0,50
1666,34,9,0,50
1667,30,13,0,50
1668,45,11,1,40
1669,24,10,0,40
1670,45,9,0,40
1671,18,7,0,20
1672,34,14,1,40
1673,21,10,1,40
1674,41,13,0,50
1675,25,10,0,40
1676,19,10,0,20
1677,40,10,0,44
1678,21,10,1,20
1679,21,10,1,10
1680,25,5,0,40
1681,19,7,1,30
1682,22,11,0,20
1683,21,11,0,40
1684,56,9,0,40
1685,61,9,0,55
1686,33,10,0,35
1687,45,10,1,24
1688,40,10,0,60
1689,56,4,0,40
1690,35,9,0,35
1691,34,11,0,32
1692,56,10,0,40
1693,31,13,1,70
1694,37,10,1,40
1695,20,5,1,32
1696,58,13,0,40
1697,34,13,1,40
1698,44,10,0,72
1699,22,10,1,40
1700,30,9,0,40
1701,29,9,1,40
1702,37,9,0,30
1703,43,10,0,50
1704,44,13,0,40
1705,51,12,0,55
1706,39,13,0,70
1707,33,9,0,40
1708,63,9,0,40
1709,32,9,0,41
1710,22,9,1,40
1711,28,13,1,35
1712,29,9,1,40
1713,32,13,1,32
1714,23,13,1,5
1715,32,14,0,50
1716,22,9,0,40
1717,38,9,0,40
1718,56,7,1,40
1719,32,10,0,50
1720,41,9,0,54
1721,42,3,0,40
1722,44,10,1,40
1723,30,10,0,40
1724,40,10,0,50
1725,39,14,0,45
1726,40,9,0,60
1727,46,10,0,45
1728,21,10,0,40
1729,21,10,1,20
1730,45,4,0,55
1731,41,9,1,40
1732,55,7,0,32
1733,31,10,0,65
1734,38,10,1,35
1735,56,9,1,25
1736,50,6,0,45
1737,39,9,0,40
1738,24,10,1,40
1739,32,9,0,40
1740,39,13,0,50
1741,17,7,0,20
1742,48,9,0,89
1743,34,9,0,45
1744,28,7,0,40
1745,32,13,0,50
1746,45,5,0,40
1747,36,9,1,28
1748,55,13,1,38
1749,44,10,1,25
1750,21,9,0,53
1751,50,9,1,40
1752,64,4,1,40
1753,54,13,0,40
1754,47,10,0,40
1755,43,14,1,45
1756,24,7,1,40
1757,58,10,0,45
1758,40,9,0,40
1759,53,9,0,40
1760,20,7,1,50
1761,54,9,0,40
1762,44,13,0,90
1763,50,9,1,40
1764,56,6,1,32
1765,31,13,0,40
1766,20,10,1,40
1767,39,13,0,35
1768,18,7,0,13
1769,46,2,1,40
1770,20,9,1,40
1771,25,7,0,40
1772,33,10,1,40
1773,54,15,0,50
1774,37,5,0,40
1775,44,9,0,40
1776,49,10,0,40
1777,31,13,0,40
1778,54,9,0,45
1779,45,10,1,40
1780,42,13,0,40
1781,60,9,0,40
1782,39,14,1,40
1783,42,14,1,45
1784,61,9,1,40
1785,44,9,0,40
1786,52,10,1,35
1787,38,9,0,40
1788,46,14,0,45
1789,35,13,1,30
1790,17,6,0,20
1791,53,13,0,40
1792,56,4,0,36
1793,39,7,0,40
1794,24,10,1,20
1795,62,6,0,40
1796,48,10,1,24
1797,37,9,0,51
1798,24,13,1,40
1799,20,10,1,35
1800,48,13,0,40
1801,26,10,0,50
1802,35,13,0,60
1803,30,16,0,40
1804,49,2,0,40
1805,64,16,0,60
1806,49,12,1,40
1807,40,9,0,40
1808,22,10,0,25
1809,37,9,0,55
1810,20,9,0,8
1811,40,11,0,40
1812,59,9,0,40
1813,30,13,0,45
1814,25,13,1,30
1815,32,10,0,45
1816,53,9,0,40
1817,30,9,1,45
1818,67,9,0,20
1819,35,9,0,48
1820,35,14,0,55
1821,50,2,1,40
1822,39,13,0,60
1823,52,9,0,50
1824,28,4,0,40
1825,21,4,0,40
1826,25,10,1,40
1827,48,9,1,37
1828,53,10,0,60
1829,33,9,1,40
1830,35,9,0,90
1831,25,9,0,40
1832,34,9,0,40
1833,40,10,0,50
1834,41,9,0,45
1835,46,11,1,36
1836,57,7,0,52
1837,71,10,0,10
1838,38,10,0,40
1839,31,9,0,40
1840,58,10,1,40
1841,32,12,0,35
1842,49,13,1,40
1843,27,13,0,40
1844,30,15,1,45
1845,18,9,1,25
1846,37,13,0,55
1847,56,10,0,40
1848,40,10,0,47
1849,30,9,1,40
1850,42,14,0,22
1851,35,10,0,40
1852,35,10,0,58
1853,52,9,1,36
1854,50,12,0,40
1855,40,9,0,45
1856,32,4,0,40
1857,27,9,0,40
1858,46,2,0,40
1859,27,11,0,43
1860,51,10,1,40
1861,53,3,0,40
1862,51,12,0,40
1863,38,16,1,36
1864,26,13,1,40
1865,56,9,0,50
1866,56,5,0,40
1867,23,10,0,35
1868,26,13,1,40
1869,52,11,0,32
1870,43,9,0,40
1871,38,10,0,15
1872,33,9,0,40
1873,31,9,1,40
1874,37,10,0,70
1875,49,7,1,35
1876,30,13,0,40
1877,31,13,0,40
1878,42,9,0,40
1879,63,13,1,36
1880,47,10,0,40
1881,29,9,0,40
1882,38,12,1,40
1883,38,10,0,55
1884,20,9,1,40
1885,42,9,0,35
1886,33,13,0,40
1887,42,10,0,45
1888,56,6,0,40
1889,20,10,1,30
1890,62,11,0,50
1891,30,7,0,40
1892,21,10,0,40
1893,58,9,1,36
1894,25,9,1,40
1895,50,9,1,48
1896,21,9,1,40
1897,42,10,1,40
1898,35,13,0,45
1899,17,7,1,15
1900,23,13,0,20
1901,51,16,1,60
1902,54,9,1,38
1903,23,10,0,40
1904,21,9,1,30
1905,29,9,0,55
1906,44,13,0,40
1907,48,13,0,40
1908,47,14,1,6
1909,40,14,0,40
1910,57,2,0,35
1911,60,10,0,35
1912,64,10,0,40
1913,33,9,0,50
1914,26,10,1,38
1915,31,10,0,40
1916,61,9,0,45
1917,31,8,1,21
1918,37,12,1,40
1919,47,16,0,35
1920,19,9,1,15
1921,47,9,1,37
1922,45,14,0,50
1923,31,16,1,28
1924,37,14,0,45
1925,34,10,0,55
1926,28,13,1,45
1927,59,10,0,50
1928,41,14,0,40
1929,50,13,0,45
1930,52,12,1,32
1931,30,13,1,40
1932,26,3,0,30
1933,37,10,1,40
1934,27,13,1,40
1935,55,9,0,65
1936,48,10,0,45
1937,33,9,0,50
1938,17,7,0,25
1939,33,16,0,60
1940,78,9,1,1
1941,43,9,0,44
1942,55,13,0,38
1943,59,10,1,38
1944,44,11,0,40
1945,58,10,0,45
1946,53,10,0,48
1947,21,9,0,40
1948,28,13,0,45
1949,32,10,0,40
1950,23,10,0,25
1951,31,13,0,40
1952,43,10,0,40
1953,50,9,0,45
1954,33,10,0,50
1955,23,10,1,20
1956,28,13,0,60
1957,30,13,0,50
1958,25,10,1,40
1959,29,9,1,20
1960,20,12,1,40
1961,65,15,0,40
1962,37,13,1,40
1963,22,9,1,40
1964,31,9,0,40
1965,53,13,1,43
1966,36,6,0,40
1967,33,11,1,26
1968,40,9,0,40
1969,51,13,0,70
1970,35,10,1,38
1971,38,9,0,50
1972,78,14,1,15
1973,49,13,0,40
1974,46,10,0,40
1975,42,13,0,40
1976,48,9,1,8
1977,26,9,0,60
1978,40,10,0,20
1979,19,6,1,40
1980,46,10,1,10
1981,51,13,0,40
1982,35,9,0,55
1983,34,10,0,50
1984,46,13,0,60
1985,44,14,0,20
1986,23,9,1,35
1987,55,11,1,38
1988,39,9,1,40
1989,38,9,0,40
1990,32,13,0,40
1991,32,9,1,40
1992,22,9,0,40
1993,54,10,0,40
1994,49,10,0,50
1995,27,13,1,40
1996,44,15,1,99
1997,41,9,0,40
1998,24,13,1,40
1999,44,9,1,40
2000,42,13,0,60
2001,26,10,0,40
2002,31,12,0,40
2003,52,9,0,49
2004,19,9,1,40
2005,90,13,0,50
2006,48,13,1,40
2007,64,14,1,35
2008,38,13,0,50
2009,48,10,1,35
2010,26,11,1,60
2011,53,9,0,60
2012,19,9,1,25
2013,39,14,0,40
2014,46,10,0,40
2015,46,10,0,40
2016,35,9,0,40
2017,40,11,0,30
2018,25,11,1,40
2019,42,9,0,50
2020,48,9,0,40
2021,26,7,0,40
2022,60,11,0,40
2023,25,9,1,40
2024,39,13,0,45
2025,55,10,0,40
2026,21,10,0,30
2027,39,13,1,20
2028,21,8,0,25
2029,50,3,0,55
2030,27,9,0,40
2031,47,9,1,38
2032,22,9,0,40
2033,42,9,1,50
2034,62,9,0,45
2035,56,9,0,40
2036,21,9,0,40
2037,19,10,0,20
2038,42,10,1,37
2039,58,9,0,40
2040,34,5,1,40
2041,52,14,0,50
2042,49,10,0,50
2043,49,9,0,40
2044,44,15,0,70
2045,46,4,0,40
2046,25,13,1,50
2047,20,7,0,60
2048,41,7,0,40
2049,47,9,0,50
2050,54,13,0,50
2051,30,11,1,24
2052,36,13,0,45
2053,37,9,0,40
2054,47,13,0,40
2055,31,13,0,55
2056,32,13,0,40
2057,52,7,0,40
2058,53,11,0,40
2059,36,13,0,40
2060,53,9,0,40
2061,20,5,0,40
2062,36,10,0,40
2063,21,10,1,40
2064,37,6,0,65
2065,44,10,0,12
2066,37,13,1,50
2067,20,10,1,40
2068,33,13,1,32
2069,58,9,0,20
2070,32,9,0,40
2071,60,9,0,44
2072,26,10,0,40
2073,54,10,0,40
2074,60,10,1,40
2075,52,10,1,16
2076,28,9,0,30
2077,39,9,0,40
2078,28,11,1,40
2079,19,9,1,20
2080,20,10,0,40
2081,29,16,0,50
2082,35,10,0,60
2083,27,10,0,40
2084,39,9,0,48
2085,39,9,1,47
2086,49,10,0,40
2087,31,9,1,35
2088,39,9,1,70
2089,38,11,1,25
2090,84,14,0,66
2091,20,8,1,10
2092,35,5,0,45
2093,43,13,1,70
2094,37,10,0,48
2095,21,10,0,40
2096,33,9,0,60
2097,39,10,0,52
2098,29,13,1,40
2099,53,6,0,99
2100,19,10,1,25
2101,46,15,0,40
2102,36,10,0,57
2103,53,9,0,40
2104,58,5,0,40
2105,47,9,0,40
2106,32,9,0,50
2107,51,7,0,40
2108,17,7,0,15
2109,35,10,1,40
2110,20,9,0,40
2111,54,14,0,40
2112,33,15,1,50
2113,51,10,0,40
2114,30,10,1,36
2115,44,9,1,40
2116,40,6,0,40
2117,54,10,0,50
2118,33,9,1,40
2119,48,13,0,60
2120,24,9,1,40
2121,50,9,0,45
2122,22,10,0,40
2123,29,13,1,40
2124,29,9,1,27
2125,32,10,0,16
2126,44,14,0,40
2127,18,7,1,20
2128,52,9,0,98
2129,49,9,1,8
2130,24,13,1,40
2131,19,9,1,20
2132,17,7,1,20
2133,33,16,1,60
2134,51,14,0,45
2135,19,9,0,45
2136,20,9,0,45
2137,39,13,1,36
2138,34,13,0,38
2139,61,9,0,40
2140,17,8,0,18
2141,60,9,0,40
2142,40,9,0,45
2143,30,14,0,45
2144,53,9,1,40
2145,39,14,0,40
2146,23,13,0,40
2147,63,13,1,56
2148,26,9,1,40
2149,57,13,0,40
2150,22,10,0,25
2151,23,10,0,20
2152,27,13,1,48
2153,34,9,0,60
2154,43,9,0,45
2155,34,13,1,40
2156,50,13,0,40
2157,19,5,1,25
2158,32,9,0,45
2159,28,12,1,16
2160,19,9,0,35
2161,50,11,0,40
2162,47,10,0,55
2163,19,9,0,40
2164,25,13,1,50
2165,42,14,1,40
2166,23,10,1,15
2167,18,9,1,35
2168,22,9,0,40
2169,38,10,0,40
2170,45,13,0,45
2171,23,10,1,25
2172,21,10,0,30
2173,34,9,1,40
2174,43,10,0,48
2175,59,9,0,30
2176,31,4,1,35
2177,41,10,1,36
2178,50,11,1,40
2179,35,16,1,20
2180,44,12,0,40
2181,26,13,0,40
2182,32,9,1,22
2183,23,7,0,40
2184,25,13,0,60
2185,23,9,0,40
2186,18,10,1,40
2187,31,10,1,30
2188,31,12,0,50
2189,46,10,0,40
2190,38,10,0,55
2191,36,9,0,40
2192,36,10,0,20
2193,42,13,0,60
2194,29,9,0,45
2195,19,7,0,40
2196,45,13,0,40
2197,58,9,0,40
2198,57,9,0,40
2199,49,14,0,50
2200,51,13,1,43
2201,33,9,1,40
2202,29,10,0,50
2203,62,10,1,1
2204,46,11,0,40
2205,44,6,1,42
2206,43,2,1,21
2207,22,9,0,70
2208,37,9,1,38
2209,33,9,1,36
2210,43,9,0,40
2211,35,9,1,20
2212,41,9,0,50
2213,27,10,0,40
2214,29,9,0,40
2215,22,10,0,65
2216,36,9,1,40
2217,35,9,0,60
2218,37,8,1,40
2219,37,14,0,60
2220,46,9,0,40
2221,29,9,0,40
2222,27,4,0,50
2223,41,16,1,50
2224,30,11,0,55
2225,73,9,0,24
2226,34,13,0,40
2227,44,15,0,65
2228,33,13,0,45
2229,17,6,0,20
2230,31,10,0,40
2231,19,9,0,30
2232,32,9,0,40
2233,34,7,1,40
2234,40,13,1,40
2235,19,10,1,40
2236,20,9,1,30
2237,30,10,1,35
2238,47,15,0,55
2239,32,13,0,40
2240,31,11,1,43
2241,33,13,1,50
2242,35,10,0,50
2243,58,9,0,40
2244,49,13,0,45
2245,37,9,0,40
2246,23,9,1,40
2247,37,11,1,30
2248,24,13,0,55
2249,25,10,1,40
2250,25,9,0,40
2251,38,9,0,40
2252,68,10,1,30
2253,56,9,1,40
2254,19,10,1,40
2255,55,14,1,50
2256,32,13,0,45
2257,27,4,0,40
2258,43,9,0,60
2259,50,9,0,50
2260,20,10,0,25
2261,42,10,0,40
2262,23,9,0,40
2263,36,10,0,60
2264,27,10,0,60
2265,25,10,0,40
2266,48,10,1,40
2267,34,10,1,40
2268,29,10,0,40
2269,21,10,0,40
2270,42,13,0,40
2271,34,9,0,80
2272,30,9,0,40
2273,57,14,0,50
2274,38,10,0,72
2275,54,10,0,40
2276,25,9,1,40
2277,23,3,0,40
2278,37,16,0,72
2279,49,9,0,60
2280,20,9,1,15
2281,55,10,1,12
2282,55,14,0,40
2283,41,9,1,40
2284,41,13,0,40
2285,40,9,0,50
2286,35,9,1,38
2287,30,13,0,70
2288,18,6,1,35
2289,39,10,1,38
2290,31,10,0,50
2291,31,10,0,60
2292,66,9,1,3
2293,49,10,1,40
2294,58,9,0,50
2295,21,10,1,25
2296,29,7,1,40
2297,20,10,1,40
2298,55,11,0,45
2299,24,9,1,36
2300,50,9,0,50
2301,47,11,0,40
2302,26,13,1,20
2303,21,9,0,60
2304,42,9,1,40
2305,30,15,0,40
2306,47,9,0,42
2307,21,10,1,14
2308,26,13,0,40
2309,30,9,0,50
2310,38,9,1,38
2311,19,9,1,20
2312,34,9,0,45
2313,23,12,1,35
2314,70,10,1,17
2315,26,9,1,30
2316,58,10,0,65
2317,51,10,0,75
2318,20,9,1,40
2319,48,10,0,50
2320,33,13,0,30
2321,56,13,0,50
2322,33,9,0,40
2323,56,9,0,44
2324,35,10,1,40
2325,37,9,0,40
2326,32,12,0,80
2327,47,10,1,35
2328,18,7,1,10
2329,41,10,1,80
2330,51,14,0,40
2331,41,12,0,40
2332,48,9,0,60
2333,46,9,1,40
2334,31,9,0,40
2335,26,13,1,20
2336,31,10,1,20
2337,54,14,0,40
2338,40,9,1,37
2339,39,13,0,40
2340,23,10,0,50
2341,34,9,0,40
2342,39,9,0,40
2343,28,13,0,45
2344,60,9,0,42
2345,29,16,0,50
2346,61,13,0,50
2347,50,9,0,20
2348,28,9,0,40
2349,33,9,0,87
2350,35,10,0,60
2351,49,9,1,35
2352,41,9,0,6
2353,23,9,1,20
2354,35,11,0,40
2355,27,12,0,40
2356,37,10,1,40
2357,24,10,0,40
2358,21,12,0,35
2359,50,9,0,60
2360,34,13,0,40
2361,21,9,1,50
2362,39,10,0,30
2363,62,14,0,45
2364,51,10,0,40
2365,32,13,0,40
2366,48,14,0,40
2367,34,9,0,50
2368,55,10,0,40
2369,47,9,1,43
2370,18,9,1,40
2371,39,13,1,55
2372,47,14,0,50
2373,32,9,0,40
2374,46,10,0,45
2375,51,14,0,50
2376,56,13,0,30
2377,71,10,0,30
2378,49,11,0,60
2379,20,9,0,40
2380,70,10,1,12
2381,47,10,0,50
2382,28,10,0,45
2383,43,14,0,45
2384,58,9,0,50
2385,40,10,0,40
2386,62,10,0,40
2387,44,10,0,40
2388,22,9,1,10
2389,61,9,0,40
2390,22,8,0,35
2391,46,12,1,40
2392,43,13,0,45
2393,58,12,1,40
2394,35,9,0,60
2395,22,9,0,40
2396,58,10,1,30
2397,37,13,0,40
2398,57,9,0,40
2399,44,13,0,40
2400,30,10,1,37
2401,31,13,1,65
2402,58,10,1,55
2403,23,13,1,35
2404,58,9,0,40
2405,81,10,1,20
2406,44,10,0,40
2407,68,10,1,40
2408,39,10,1,75
2409,37,13,0,50
2410,47,10,0,40
2411,55,9,0,40
2412,23,13,1,43
2413,53,3,0,40
2414,36,12,0,55
2415,47,9,1,20
2416,45,9,1,40
2417,61,9,0,55
2418,31,10,0,50
2419,21,10,1,30
2420,25,10,0,46
2421,35,9,0,40
2422,33,13,0,45
2423,19,9,0,30
2424,25,9,0,30
2425,33,14,0,45
2426,18,9,0,3
2427,35,10,1,40
2428,20,4,0,40
2429,42,13,0,70
2430,45,13,1,55
2431,30,13,0,50
2432,46,9,0,40
2433,29,10,0,40
2434,44,9,0,70
2435,24,10,1,16
2436,44,13,0,40
2437,36,10,0,8
2438,27,14,0,20
2439,28,13,1,45
2440,34,9,0,30
2441,34,9,0,60
2442,27,16,1,40
2443,19,4,0,60
2444,25,10,0,45
2445,43,11,0,40
2446,37,10,1,40
2447,42,16,1,60
2448,33,9,0,50
2449,26,1,0,40
2450,41,14,1,40
2451,35,10,1,40
2452,27,13,0,45
2453,50,11,1,40
2454,42,10,0,20
2455,64,9,1,40
2456,28,10,0,40
2457,19,6,1,40
2458,56,9,1,40
2459,51,14,0,50
2460,64,9,0,40
2461,49,14,0,80
2462,35,11,1,44
2463,40,9,1,40
2464,55,13,0,40
2465,64,9,0,40
2466,44,9,0,40
2467,25,10,1,40
2468,32,9,0,40
2469,46,10,0,50
2470,19,9,0,24
2471,17,8,0,17
2472,20,10,0,24
2473,66,6,0,30
2474,27,11,0,40
2475,20,10,1,20
2476,46,13,1,40
2477,23,13,0,40
2478,31,5,1,40
2479,47,14,0,40
2480,21,10,1,40
2481,47,14,0,35
2482,33,12,1,40
2483,58,6,0,50
2484,90,14,0,50
2485,49,6,0,70
2486,39,9,0,50
2487,60,13,1,40
2488,20,9,0,40
2489,30,11,0,53
2490,25,13,0,40
2491,19,9,0,30
2492,66,13,0,40
2493,22,9,0,20
2494,23,13,1,20
2495,23,9,0,40
2496,51,13,0,50
2497,42,9,1,42
2498,48,14,1,52
2499,36,13,0,55
2500,51,13,0,45
2501,32,13,0,20
2502,50,15,0,75
2503,22,9,0,40
2504,52,9,1,40
2505,28,9,0,40
2506,39,13,1,25
2507,55,12,1,40
2508,59,9,0,40
2509,25,10,1,45
2510,58,13,0,40
2511,51,13,1,35
2512,54,10,0,30
2513,21,10,1,25
2514,35,9,1,40
2515,47,12,0,40
2516,39,10,0,65
2517,52,11,0,40
2518,41,13,1,30
2519,51,16,1,70
2520,45,13,0,48
2521,28,11,1,40
2522,21,10,0,30
2523,43,13,0,40
2524,42,14,0,35
2525,28,10,0,55
2526,44,13,1,45
2527,27,11,0,40
2528,60,9,0,35
2529,22,10,1,48
2530,47,9,0,40
2531,27,13,0,25
2532,30,13,1,50
2533,42,12,1,45
2534,42,9,0,40
2535,50,13,0,60
2536,29,13,0,48
2537,34,9,0,45
2538,69,9,0,30
2539,23,9,0,55
2540,33,9,1,40
2541,45,9,1,26
2542,22,10,1,13
2543,62,10,0,10
2544,62,9,1,40
2545,59,9,1,20
2546,31,7,0,40
2547,22,10,0,25
2548,30,14,1,40
2549,30,10,0,40
2550,47,4,1,30
2551,21,10,1,40
2552,25,9,0,50
2553,28,6,0,40
2554,34,9,0,25
2555,37,9,0,50
2556,39,9,0,50
2557,38,14,0,48
2558,35,9,0,40
2559,23,10,0,25
2560,49,10,1,40
2561,31,9,0,50
2562,47,14,1,35
2563,43,13,1,39
2564,33,14,0,40
2565,27,9,0,99
2566,36,9,0,60
2567,38,9,0,32
2568,49,11,0,40
2569,32,9,0,60
2570,31,10,1,25
2571,47,9,0,40
2572,45,13,0,40
2573,31,9,0,40
2574,25,9,0,40
2575,56,2,0,40
2576,26,13,0,40
2577,50,6,0,56
2578,57,14,1,40
2579,21,9,1,45
2580,24,10,1,40
2581,33,13,0,50
2582,18,7,0,20
2583,18,8,1,20
2584,32,9,0,40
2585,22,9,0,40
2586,34,9,0,40
2587,42,9,0,40
2588,40,13,0,40
2589,55,16,0,30
2590,71,10,0,35
2591,51,9,0,40
2592,19,8,1,30
2593,29,13,0,40
2594,35,8,0,40
2595,23,9,0,40
2596,40,10,1,40
2597,25,12,0,13
2598,45,6,0,40
2599,42,10,0,45
2600,30,14,0,45
2601,57,3,0,84
2602,51,10,1,50
2603,34,9,1,40
2604,41,13,1,48
2605,59,9,0,60
2606,75,9,0,15
2607,23,10,0,40
2608,39,12,0,50
2609,24,13,0,40
2610,49,9,0,60
2611,38,16,0,40
2612,43,13,0,40
2613,37,14,0,40
2614,45,8,0,35
2615,31,10,0,40
2616,90,10,0,35
2617,54,9,1,35
2618,26,10,0,40
2619,34,9,1,40
2620,26,13,1,40
2621,25,12,1,45
2622,56,9,1,40
2623,30,14,0,38
2624,18,10,1,40
2625,25,9,1,40
2626,26,9,0,40
2627,52,12,0,40
2628,77,14,0,45
2629,20,10,1,15
2630,46,10,1,40
2631,51,10,0,50
2632,56,13,0,40
2633,45,9,0,40
2634,20,10,0,25
2635,30,10,0,40
2636,41,13,0,50
2637,23,9,0,40
2638,21,9,1,40
2639,36,9,1,50
2640,27,9,1,40
2641,33,13,0,45
2642,28,13,1,16
2643,46,12,0,40
2644,19,9,0,40
2645,39,9,0,40
2646,67,15,0,10
2647,40,11,0,42
2648,42,13,1,50
2649,47,11,0,40
2650,41,10,0,55
2651,78,13,0,20
2652,24,9,0,45
2653,51,9,0,60
2654,37,10,0,45
2655,34,10,1,40
2656,26,8,0,51
2657,34,9,0,55
2658,62,6,1,40
2659,60,9,0,40
2660,25,11,0,40
2661,63,10,0,45
2662,41,9,1,52
2663,46,9,0,70
2664,49,10,1,40
2665,22,10,0,10
2666,20,9,0,35
2667,58,9,0,30
2668,27,9,0,40
2669,74,9,0,40
2670,39,9,0,40
2671,19,10,0,10
2672,28,9,1,30
2673,39,9,0,65
2674,19,10,1,40
2675,68,11,0,40
2676,24,10,0,40
2677,54,1,0,60
2678,22,9,0,50
2679,25,9,0,80
2680,19,10,0,10
2681,61,5,0,40
2682,19,10,1,16
2683,46,14,0,40
2684,28,14,1,20
2685,27,10,1,40
2686,57,6,0,30
2687,40,13,0,60
2688,62,13,0,50
2689,43,13,1,55
2690,30,13,0,40
2691,19,9,1,26
2692,51,13,0,20
2693,43,10,0,50
2694,37,13,0,40
2695,47,10,1,30
2696,33,12,1,55
2697,31,10,0,55
2698,31,12,1,35
2699,20,10,1,25
2700,22,9,1,40
2701,51,10,1,50
2702,68,10,1,40
2703,33,10,0,40
2704,35,9,1,45
2705,53,9,0,40
2706,30,10,0,40
2707,18,10,1,15
2708,53,10,0,55
2709,33,4,0,40
2710,25,13,0,50
2711,41,9,0,38
2712,30,9,0,40
2713,22,6,1,40
2714,35,9,0,40
2715,21,9,0,35
2716,43,11,0,99
2717,32,10,1,40
2718,30,10,0,44
2719,29,10,1,40
2720,19,7,1,40
2721,18,9,0,40
2722,29,4,0,30
2723,28,13,0,45
2724,79,16,0,35
2725,29,13,0,40
2726,40,7,0,40
2727,52,13,0,50
2728,32,11,0,60
2729,18,6,0,40
2730,55,13,1,73
2731,23,9,1,40
2732,53,4,0,40
2733,47,13,1,50
2734,21,10,0,40
2735,66,14,0,50
2736,57,13,0,40
2737,25,3,0,40
2738,33,9,1,25
2739,28,14,1,55
2740,29,9,0,40
2741,34,9,0,60
2742,49,14,1,40
2743,36,8,0,50
2744,65,9,0,40
2745,76,13,0,10
2746,54,9,0,40
2747,29,13,0,40
2748,37,12,1,40
2749,33,10,0,41
2750,34,5,0,40
2751,51,9,0,40
2752,43,13,1,40
2753,22,10,0,42
2754,29,13,1,50
2755,32,10,0,40
2756,41,9,1,40
2757,46,10,1,40
2758,44,13,1,40
2759,20,10,1,30
2760,43,6,0,42
2761,28,13,0,40
2762,36,9,0,50
2763,45,13,0,37
2764,60,13,1,30
2765,49,14,0,40
2766,35,9,1,35
2767,42,13,0,40
2768,40,10,0,60
2769,46,11,0,42
2770,27,9,0,40
2771,35,14,0,40
2772,37,10,1,40
2773,22,7,0,45
2774,46,13,0,50
2775,32,10,1,40
2776,70,10,0,25
2777,51,13,1,43
2778,28,9,0,40
2779,29,10,0,36
2780,42,13,0,55
2781,33,9,0,60
2782,33,10,1,40
2783,45,9,0,55
2784,36,9,1,36
2785,24,10,1,75
2786,23,6,0,40
2787,36,9,1,28
2788,39,9,0,55
2789,30,9,0,40
2790,32,9,0,40
2791,28,13,0,21
2792,49,9,0,40
2793,28,9,0,30
2794,41,14,1,55
2795,40,13,0,45
2796,36,13,1,40
2797,51,9,0,55
2798,23,9,0,38
2799,31,7,0,40
2800,63,13,0,40
2801,33,9,0,43
2802,60,10,1,40
2803,43,3,1,40
2804,19,11,1,40
2805,23,11,1,40
2806,55,14,0,40
2807,52,13,0,40
2808,23,13,1,23
2809,42,13,0,50
2810,52,10,1,40
2811,46,12,0,40
2812,30,12,0,45
2813,28,9,0,40
2814,31,13,0,50
2815,28,9,0,60
2816,35,10,0,40
2817,63,9,0,40
2818,20,10,1,25
2819,46,9,0,40
2820,35,9,1,27
2821,44,2,0,10
2822,33,13,0,50
2823,55,4,0,50
2824,34,9,0,40
2825,64,1,0,40
2826,28,12,0,40
2827,28,13,0,40
2828,35,9,1,48
2829,31,9,0,40
2830,59,10,1,35
2831,46,9,1,30
2832,61,11,0,40
2833,22,9,1,40
2834,32,7,1,40
2835,58,9,0,25
2836,17,7,0,12
2837,18,10,0,60
2838,46,12,0,40
2839,44,10,0,35
2840,34,9,0,40
2841,42,14,1,60
2842,36,6,0,40
2843,47,11,0,50
2844,64,5,0,40
2845,55,9,1,40
2846,46,4,0,75
2847,37,10,0,40
2848,40,5,1,40
2849,31,13,0,40
2850,41,13,1,30
2851,55,16,0,60
2852,32,11,0,46
2853,53,9,1,40
2854,53,4,0,40
2855,41,15,0,45
2856,40,9,0,30
2857,19,9,1,30
2858,22,9,0,40
2859,22,10,1,37
2860,34,13,0,40
2861,25,9,1,38
2862,35,9,0,40
2863,52,10,0,40
2864,23,13,1,40
2865,48,9,0,43
2866,38,15,0,70
2867,32,10,1,20
2868,25,14,1,43
2869,45,9,1,40
2870,34,10,1,40
2871,48,13,0,6
2872,37,10,0,40
2873,27,12,0,40
2874,22,3,1,40
2875,31,10,1,40
2876,21,9,0,20
2877,29,9,0,40
2878,31,12,0,40
2879,19,9,0,40
2880,25,9,0,84
2881,20,10,1,20
2882,63,9,0,16
2883,43,9,1,40
2884,57,4,0,75
2885,56,15,0,45
2886,47,14,1,50
2887,51,2,0,40
2888,44,5,1,50
2889,30,10,1,60
2890,34,13,0,40
2891,42,14,0,40
2892,21,10,1,30
2893,58,9,1,20
2894,44,14,0,50
2895,54,9,0,35
2896,27,10,1,39
2897,65,7,0,40
2898,41,9,0,40
2899,47,14,0,40
2900,29,12,1,35
2901,36,10,1,40
2902,25,12,0,48
2903,60,11,1,15
2904,80,14,1,10
2905,27,12,0,40
2906,20,10,1,25
2907,76,5,0,13
2908,44,10,0,80
2909,25,13,0,40
2910,33,11,0,50
2911,66,15,0,50
2912,28,10,0,63
2913,50,12,1,40
2914,45,11,0,60
2915,18,7,1,16
2916,26,10,0,30
2917,57,13,0,20
2918,29,13,1,40
2919,21,9,0,32
2920,37,10,0,40
2921,54,9,0,65
2922,41,9,1,40
2923,46,11,0,60
2924,44,9,0,40
2925,63,10,0,40
2926,45,10,0,40
2927,33,10,1,50
2928,29,8,0,40
2929,50,11,0,55
2930,37,9,0,40
2931,61,9,0,63
2932,25,13,1,40
2933,45,10,1,40
2934,62,9,0,48
2935,19,10,0,30
2936,45,14,0,48
2937,33,13,0,40
2938,28,13,0,40
2939,37,10,1,36
2940,40,13,1,60
2941,39,14,1,65
2942,32,9,0,50
2943,39,12,0,40
2944,21,10,1,12
2945,39,13,0,35
2946,27,12,1,25
2947,46,11,1,45
2948,35,9,1,40
2949,46,13,1,40
2950,59,5,0,60
2951,41,10,0,46
2952,24,7,1,35
2953,57,10,0,40
2954,31,13,1,40
2955,31,10,0,35
2956,19,9,0,40
2957,63,13,1,25
2958,48,13,0,40
2959,48,9,0,48
2960,43,9,0,40
2961,20,9,1,40
2962,36,13,0,40
2963,19,8,0,20
2964,19,10,1,35
2965,19,9,0,20
2966,51,10,1,50
2967,30,9,0,50
2968,18,7,0,20
2969,42,11,0,37
2970,37,13,0,45
2971,32,9,1,40
2972,50,9,1,60
2973,47,4,1,35
2974,26,9,1,15
2975,29,11,0,50
2976,63,10,0,20
2977,41,4,1,40
2978,48,9,1,40
2979,22,13,1,7
2980,47,9,1,40
2981,46,13,0,40
2982,28,9,1,50
2983,69,9,0,40
2984,61,13,0,40
2985,18,10,1,20
2986,49,10,0,40
2987,44,12,1,99
2988,29,10,0,40
2989,39,14,1,18
2990,39,12,1,40
2991,34,9,0,60
2992,40,10,1,40
2993,33,12,0,60
2994,37,13,1,36
2995,36,10,0,44
2996,19,9,1,25
2997,56,9,0,40
2998,51,9,0,40
2999,53,10,1,40
3000,36,9,0,40
3001,44,13,1,40
3002,68,7,0,30
3003,33,9,0,40
3004,28,13,0,40
3005,26,9,0,35
3006,54,13,0,40
3007,21,10,1,35
3008,38,9,1,40
3009,45,14,1,1
3010,17,6,1,12
3011,26,10,0,20
3012,35,13,1,60
3013,33,10,0,40
3014,51,13,0,25
3015,42,11,1,40
3016,50,9,0,40
3017,37,10,0,60
3018,43,15,0,50
3019,44,9,1,24
3020,50,15,0,36
3021,26,9,1,30
3022,17,6,1,15
3023,32,10,0,40
3024,46,9,0,40
3025,25,13,1,20
3026,29,10,1,40
3027,50,13,1,40
3028,33,9,0,40
3029,38,13,0,55
3030,24,13,0,40
3031,32,9,0,25
3032,37,4,0,60
3033,67,13,0,8
3034,34,9,0,30
3035,37,9,0,45
3036,32,7,1,49
3037,26,9,0,52
3038,46,14,1,44
3039,41,9,0,40
3040,42,13,1,45
3041,19,10,1,38
3042,28,12,1,40
3043,46,16,0,60
3044,48,9,1,16
3045,35,9,0,40
3046,28,9,0,40
3047,36,9,0,20
3048,54,14,0,60
3049,40,14,1,30
3050,35,7,0,40
3051,47,6,0,65
3052,55,7,1,40
3053,28,9,0,40
3054,19,9,0,20
3055,26,6,1,40
3056,31,6,0,40
3057,21,9,0,40
3058,23,13,0,40
3059,46,14,0,50
3060,53,14,0,55
3061,28,7,0,40
3062,22,10,1,39
3063,36,10,0,52
3064,28,14,0,40
3065,43,9,0,40
3066,40,10,0,40
3067,34,6,0,45
3068,69,6,0,40
3069,41,9,0,40
3070,40,9,0,60
3071,37,9,0,40
3072,63,13,0,35
3073,37,11,0,40
3074,52,3,0,40
3075,24,9,0,40
3076,36,9,0,50
3077,55,9,0,50
3078,23,10,1,28
3079,25,10,0,40
3080,41,13,0,65
3081,38,6,0,45
3082,29,9,0,30
3083,30,10,0,40
3084,33,13,1,40
3085,42,11,1,32
3086,22,10,1,30
3087,34,13,0,50
3088,24,9,1,30
3089,51,9,0,40
3090,33,9,0,60
3091,41,10,0,40
3092,34,10,0,40
3093,31,13,0,40
3094,43,13,0,40
3095,19,9,1,50
3096,47,10,0,40
3097,23,12,0,30
3098,50,10,0,70
3099,22,11,0,30
3100,38,13,0,40
3101,19,10,1,20
3102,48,11,1,40
3103,24,9,1,32
3104,42,10,1,30
3105,31,9,0,40
3106,29,9,0,40
3107,32,14,0,40
3108,36,9,0,40
3109,71,6,0,8
3110,42,9,0,50
3111,25,9,1,40
3112,60,9,0,40
3113,47,10,0,50
3114,18,9,0,20
3115,35,9,1,4
3116,20,9,1,8
3117,26,9,0,40
3118,39,9,0,42
3119,35,9,0,60
3120,25,13,1,40
3121,25,9,0,42
3122,60,9,0,32
3123,71,14,1,40
3124,30,10,1,45
3125,23,9,0,40
3126,30,7,0,40
3127,28,9,0,48
3128,58,9,0,60
3129,29,11,1,40
3130,48,10,0,35
3131,61,13,1,40
3132,27,1,0,24
3133,54,10,1,30
3134,17,8,1,16
3135,53,10,0,45
3136,34,6,1,38
3137,37,3,1,40
3138,27,10,0,48
3139,56,10,0,40
3140,33,9,1,20
3141,18,7,0,40
3142,39,15,1,60
3143,44,13,0,40
3144,40,9,0,40
3145,35,9,0,40
3146,39,14,1,45
3147,39,14,1,50
3148,27,6,0,75
3149,31,9,0,60
3150,36,9,0,40
3151,43,10,0,43
3152,56,13,1,40
3153,34,7,0,40
3154,62,4,0,40
3155,26,11,1,35
3156,23,11,1,40
3157,19,9,0,24
3158,34,9,0,40
3159,20,10,1,18
3160,20,5,1,40
3161,57,13,0,40
3162,45,7,0,40
3163,20,5,0,40
3164,20,10,1,10
3165,24,13,1,50
3166,48,13,0,45
3167,59,10,0,43
3168,23,13,0,50
3169,57,9,0,50
3170,35,13,0,52
3171,41,13,1,30
3172,46,9,1,15
3173,33,9,0,70
3174,21,13,1,20
3175,47,10,0,44
3176,18,7,1,4
3177,47,9,0,9
3178,33,9,1,20
3179,26,13,0,48
3180,42,9,0,16
3181,30,9,0,50
3182,23,10,1,24
3183,35,8,0,40
3184,50,4,0,40
3185,38,13,1,40
3186,25,13,0,40
3187,41,13,0,40
3188,27,9,0,40
3189,34,11,0,40
3190,37,9,0,60
3191,26,4,0,75
3192,21,10,1,8
3193,58,9,1,40
3194,24,13,1,40
3195,28,13,0,45
3196,41,14,1,36
3197,36,10,1,40
3198,33,10,0,40
3199,49,13,0,48
3200,54,9,1,35
3201,35,10,0,60
3202,66,10,1,40
3203,40,10,1,40
3204,56,13,0,45
3205,36,9,0,45
3206,48,9,1,38
3207,34,16,0,45
3208,28,12,1,40
3209,56,5,0,40
3210,39,13,0,40
3211,62,10,1,39
3212,42,5,0,40
3213,36,9,0,44
3214,50,9,0,38
3215,23,10,1,40
3216,66,9,0,30
3217,37,6,1,40
3218,21,10,0,40
3219,20,9,0,70
3220,27,12,1,40
3221,22,9,0,40
3222,47,14,0,47
3223,65,10,1,38
3224,42,15,0,38
3225,59,9,1,40
3226,28,9,1,25
3227,26,10,1,48
3228,20,10,1,25
3229,38,9,0,50
3230,33,9,1,40
3231,35,13,0,40
3232,36,6,1,40
3233,50,12,0,20
3234,22,10,0,40
3235,31,6,0,40
3236,22,6,0,30
3237,56,9,0,40
3238,56,12,1,40
3239,33,9,0,40
3240,38,15,0,35
3241,22,10,0,30
3242,30,13,0,50
3243,20,10,1,35
3244,24,10,0,30
3245,36,9,0,47
3246,21,10,1,15
3247,32,9,0,40
3248,44,9,0,40
3249,21,9,0,35
3250,44,9,0,25
3251,50,14,0,40
3252,33,16,0,60
3253,17,10,0,20
3254,72,10,0,25
3255,54,13,0,40
3256,39,10,0,55
3257,30,12,1,50
3258,42,16,1,40
3259,30,9,0,60
3260,63,10,1,60
3261,20,10,0,60
3262,23,13,1,40
3263,27,2,0,35
3264,67,10,1,40
3265,22,10,1,24
3266,56,9,0,45
3267,49,13,0,40
3268,65,9,0,8
3269,35,9,0,25
3270,61,9,1,40
3271,33,4,0,40
3272,41,13,0,40
3273,20,10,1,32
3274,46,11,0,50
3275,47,6,1,30
3276,25,13,0,40
3277,62,14,1,24
3278,27,9,1,40
3279,30,9,0,40
3280,51,9,0,40
3281,39,9,0,40
3282,57,10,0,40
3283,17,7,0,10
3284,44,9,0,60
3285,42,12,1,24
3286,24,13,1,30
3287,42,9,0,60
3288,27,7,0,40
3289,27,10,1,30
3290,20,7,0,40
3291,40,13,1,40
3292,21,9,0,55
3293,49,4,0,48
3294,64,14,0,50
3295,50,12,0,60
3296,17,6,0,10
3297,20,10,1,15
3298,64,13,0,50
3299,27,9,1,40
3300,25,10,1,50
3301,28,10,0,40
3302,23,9,0,45
3303,33,9,1,40
3304,29,11,0,40
3305,21,10,0,40
3306,40,9,1,35
3307,33,13,1,30
3308,45,14,1,50
3309,48,12,0,50
3310,37,9,0,50
3311,54,16,0,50
3312,32,11,1,45
3313,28,9,0,45
3314,36,10,0,45
3315,38,10,1,40
3316,19,6,1,30
3317,26,11,0,55
3318,19,9,0,40
3319,27,13,0,40
3320,37,10,1,20
3321,25,9,0,45
3322,33,5,0,50
3323,46,16,1,50
3324,37,10,0,40
3325,28,9,0,40
3326,60,9,1,32
3327,65,13,0,15
3328,34,9,1,30
3329,17,8,1,15
3330,47,10,1,60
3331,55,16,0,80
3332,33,2,0,40
3333,30,9,0,72
3334,40,5,0,40
3335,67,13,0,60
3336,64,9,1,25
3337,63,13,0,40
3338,47,12,0,40
3339,43,13,1,35
3340,19,10,0,25
3341,31,9,0,40
3342,31,10,0,45
3343,17,7,0,45
3344,57,9,1,40
3345,47,9,1,32
3346,32,10,0,40
3347,60,10,0,40
3348,25,12,0,20
3349,27,9,1,40
3350,43,13,1,40
3351,37,2,0,85
3352,35,10,0,45
3353,52,10,0,60
3354,46,12,0,40
3355,38,10,0,44
3356,39,9,1,40
3357,56,14,0,50
3358,69,5,0,40
3359,22,9,0,30
3360,51,9,0,40
3361,20,10,1,40
3362,38,9,0,40
3363,25,6,0,45
3364,46,6,1,25
3365,52,9,0,48
3366,54,10,0,40
3367,27,13,0,40
3368,27,13,0,40
3369,40,10,0,50
3370,31,10,0,40
3371,24,4,0,50
3372,29,12,0,60
3373,48,16,0,40
3374,56,13,0,60
3375,21,10,1,9
3376,31,10,1,52
3377,42,4,0,40
3378,23,10,1,24
3379,75,16,0,20
3380,36,9,1,40
3381,20,9,0,35
3382,34,13,0,38
3383,47,10,0,20
3384,38,10,0,40
3385,52,9,0,55
3386,28,9,1,50
3387,22,13,1,12
3388,45,9,0,8
3389,41,9,0,40
3390,18,7,0,25
3391,59,13,0,40
3392,41,9,1,43
3393,63,5,0,16
3394,23,12,0,60
3395,59,13,0,43
3396,30,11,0,40
3397,32,9,0,40
3398,33,9,1,40
3399,19,10,1,20
3400,29,14,0,40
3401,46,9,0,50
3402,58,11,1,40
3403,48,9,0,45
3404,27,13,0,40
3405,46,14,0,40
3406,20,9,0,40
3407,60,12,0,24
3408,36,13,0,50
3409,38,13,0,40
3410,32,10,0,40
3411,42,10,0,60
3412,22,9,1,40
3413,38,9,0,40
3414,39,11,0,48
3415,26,10,1,40
3416,45,13,0,40
3417,61,9,1,5
3418,20,10,1,12
3419,58,10,0,60
3420,44,10,0,40
3421,25,13,0,40
3422,26,15,0,50
3423,41,10,1,32
3424,22,10,1,43
3425,33,9,0,45
3426,63,9,0,40
3427,31,9,0,40
3428,24,10,1,40
3429,25,9,1,40
3430,31,10,0,56
3431,29,9,0,40
3432,23,4,0,36
3433,25,9,0,28
3434,49,9,0,40
3435,63,13,1,40
3436,61,10,0,18
3437,32,10,0,38
3438,24,10,0,45
3439,35,9,1,40
3440,29,10,0,55
3441,40,10,0,40
3442,22,10,1,30
3443,45,10,0,50
3444,23,13,0,24
3445,19,10,0,16
3446,29,10,0,37
3447,35,14,0,40
3448,55,7,0,40
3449,48,12,1,40
3450,64,14,0,2
3451,26,5,0,35
3452,55,9,0,45
3453,27,10,0,60
3454,51,9,1,40
3455,68,9,0,20
3456,41,11,0,40
3457,47,4,0,60
3458,23,5,0,40
3459,38,15,0,45
3460,28,9,1,52
3461,36,10,0,45
3462,39,10,0,40
3463,69,10,1,20
3464,38,10,0,50
3465,30,10,1,55
3466,47,13,0,60
3467,47,11,1,40
3468,27,9,1,40
3469,39,10,1,35
3470,41,9,1,60
3471,59,10,0,40
3472,32,10,0,40
3473,23,13,0,40
3474,48,10,1,40
3475,34,15,0,50
3476,21,10,0,40
3477,24,13,0,40
3478,39,9,0,18
3479,29,9,0,55
3480,49,9,1,40
3481,58,7,0,48
3482,37,13,0,50
3483,33,10,1,40
3484,37,11,0,40
3485,20,9,0,40
3486,31,11,0,43
3487,39,10,1,40
3488,45,10,0,40
3489,63,11,0,40
3490,27,6,0,40
3491,43,9,0,30
3492,36,9,0,30
3493,41,9,1,40
3494,23,5,0,39
3495,31,12,0,45
3496,40,16,1,40
3497,47,4,0,40
3498,33,9,0,48
3499,25,4,0,45
3500,39,9,1,38
3501,45,5,0,40
3502,33,10,1,40
3503,43,10,0,40
3504,23,10,0,30
3505,37,13,0,55
3506,59,6,0,40
3507,21,10,1,25
3508,23,10,0,30
3509,29,12,0,50
3510,44,9,0,40
3511,31,9,0,18
3512,49,7,0,40
3513,20,9,1,40
3514,30,9,0,40
3515,41,13,0,40
3516,34,8,1,40
3517,55,9,0,40
3518,42,15,0,50
3519,58,14,0,50
3520,23,9,0,44
3521,51,9,1,38
3522,26,13,0,50
3523,24,10,0,45
3524,60,14,0,50
3525,38,5,0,40
3526,53,12,1,40
3527,39,14,0,50
3528,33,9,0,35
3529,32,13,0,40
3530,50,14,1,40
3531,33,10,0,70
3532,55,9,1,40
3533,40,9,1,48
3534,71,15,0,2
3535,43,9,0,45
3536,20,10,1,40
3537,28,13,0,18
3538,52,11,1,60
3539,39,10,1,60
3540,36,7,1,40
3541,23,9,0,55
3542,34,10,0,40
3543,29,9,1,40
3544,36,10,0,48
3545,34,10,0,45
3546,48,9,0,40
3547,38,10,0,45
3548,33,9,1,40
3549,44,13,0,12
3550,30,12,0,40
3551,17,6,0,40
3552,33,9,0,56
3553,19,4,0,32
3554,35,9,1,40
3555,18,6,0,40
3556,41,9,0,44
3557,24,10,0,56
3558,62,4,1,40
3559,25,9,1,25
3560,44,10,0,50
3561,46,10,0,40
3562,18,10,1,20
3563,22,10,0,12
3564,45,9,0,40
3565,34,9,0,40
3566,29,14,0,36
3567,32,9,0,72
3568,54,1,1,40
3569,28,10,0,40
3570,57,10,0,40
3571,48,12,0,50
3572,26,10,1,15
3573,41,9,1,40
3574,29,9,0,40
3575,31,10,0,40
3576,48,13,0,45
3577,50,6,1,50
3578,44,9,0,20
3579,53,14,0,40
3580,33,9,0,50
3581,30,13,0,70
3582,42,4,0,25
3583,20,10,1,15
3584,33,13,0,40
3585,47,9,0,90
3586,57,3,0,40
3587,49,5,0,45
3588,51,13,0,45
3589,55,9,1,40
3590,18,7,1,24
3591,30,9,0,40
3592,27,13,1,40
3593,42,9,0,40
3594,51,5,1,40
3595,31,13,1,40
3596,67,10,0,40
3597,23,9,0,40
3598,19,9,0,40
3599,21,9,0,40
3600,36,9,0,40
3601,32,9,1,20
3602,47,9,1,40
3603,49,9,1,40
3604,18,8,1,24
3605,35,6,0,50
3606,43,9,0,40
3607,46,11,1,63
3608,47,10,1,40
3609,74,9,1,40
3610,55,10,0,40
3611,37,9,0,46
